2 rbox 1000 D2 z
1000
-89118 189803 
24361 -559446 
-608254 -921415 
-226307 465879 
34653 419327 
-363975 667584 
87372 454456 
42999 690952 
836025 -922980 
-530671 -987768 
591598 995134 
-786780 594009 
-491368 -428021 
257354 -654762 
-578402 805830 
-411232 425327 
463907 882936 
-497468 -948261 
573770 -653583 
-762911 -246824 
-363230 -809458 
-560896 -980710 
-798210 482001 
992150 -926665 
-454939 -167381 
825008 -97679 
311334 582393 
273542 -572709 
477309 132402 
-726041 -578228 
-280663 898085 
107409 -768782 
-923127 -999092 
256928 184189 
-339175 -507925 
-695441 -269233 
998009 -470454 
-924756 -366638 
-79087 780535 
450810 771137 
501358 329093 
-940796 44353 
-561611 995717 
-986757 -418434 
-619022 94171 
736697 -340825 
-250870 -373002 
962229 175766 
95298 -324288 
-310373 -442901 
163940 -665492 
-927157 -732014 
-953668 -296482 
-973400 74253 
-25558 451969 
249108 750053 
141969 78830 
899669 740873 
-151144 -276274 
663149 -457935 
-508451 465677 
635896 -495930 
912755 674794 
-740819 -951391 
-22484 110358 
785863 -6901 
22137 64335 
-729258 -635305 
428970 -308951 
-534392 480653 
342700 -233249 
-212529 20033 
702075 -231239 
-431634 -477307 
-90577 -336019 
533070 -693032 
210032 10482 
175211 776174 
-840915 741908 
-749087 100267 
-813265 -551201 
-31789 -280175 
-907237 63863 
-660125 -715995 
264513 -337436 
720042 -248730 
-413230 848183 
-583977 -895454 
104846 149293 
-827048 -194654 
454627 913665 
-37583 334574 
-806492 -704592 
-71977 274558 
500093 -940897 
340083 -230358 
380756 -639484 
187947 828563 
-341456 -844049 
73840 -975890 
214604 853047 
-838004 -327490 
-129935 175526 
67222 -193090 
742399 -492799 
-477812 -579512 
149769 -824491 
772176 -36165 
177358 855877 
730105 878123 
614783 654547 
976972 -23649 
532539 378067 
167522 -455872 
164603 486959 
316342 762429 
145921 492555 
363771 -100355 
-665856 961544 
670737 -925557 
161504 401595 
-395983 715425 
149156 857646 
455329 709741 
610537 -700496 
762646 -203485 
30758 955098 
336380 -453499 
36088 537881 
163897 611414 
33521 -618942 
-556657 272919 
949457 -471928 
305521 898441 
103066 226110 
224521 -471428 
713233 -686512 
-211407 889832 
-587672 -996739 
-196460 101525 
331456 774084 
24134 -376554 
-744438 228422 
-903249 -902220 
384461 -369071 
-979145 -492656 
-70608 -712786 
212349 948485 
-812010 554529 
-27765 -649967 
1427 -19715 
649769 664603 
-25732 -472181 
48399 -555268 
-389521 -678550 
-383200 -444994 
982422 -433794 
-774176 427857 
991286 545340 
-472616 740292 
88920 472720 
-998737 225849 
-154004 -339307 
-729111 -172018 
895485 421368 
-74570 706491 
-5076 683348 
-973813 -870601 
-186471 -20366 
-283857 -782340 
-795366 285918 
-568679 206411 
-847443 -980768 
234732 -853253 
-623881 428434 
694137 359719 
-195950 662446 
-269757 189399 
-777161 262693 
-924718 264136 
-659514 -452917 
-183157 -320596 
-264060 -63019 
839925 617478 
-52970 -270846 
-104833 64601 
-245202 888109 
453479 -385066 
192146 -605213 
179204 -124637 
-771176 837220 
-850644 -776194 
515698 -663157 
325528 -847849 
203482 -78828 
-860193 735731 
-575611 -292461 
614797 888071 
-198505 -272045 
-264825 -913103 
-528276 -738613 
130025 -666884 
-317029 -302583 
491631 836552 
-73595 -912089 
528513 716866 
369217 -569370 
600187 -651899 
-471791 600495 
513285 785325 
956194 758151 
244534 -111686 
887603 -50545 
495866 27523 
582540 757773 
-111072 -792530 
-60024 -815077 
-991222 527327 
778783 -986043 
-419138 -460695 
-893103 -384840 
-5632 -653902 
-131957 199754 
-726362 27040 
458894 638285 
-345826 -291065 
71818 -947138 
-550139 -186947 
-21732 743057 
560460 -344239 
373078 317586 
-327422 -979381 
-454239 -394362 
-37196 853971 
697183 -448782 
-677485 -485608 
378141 -587412 
-635307 392890 
-698154 125073 
103545 285736 
364902 911790 
453689 -854356 
834511 -376212 
-986782 -840823 
286552 74932 
-610923 211372 
521844 629061 
633459 548743 
719704 68590 
788026 357369 
307135 10064 
-846592 -664272 
-424778 760847 
-448958 356212 
851156 -617446 
591487 -877028 
-204157 733676 
893274 -744416 
592474 -291496 
834947 953997 
-168256 126366 
-165288 562 
-561172 387097 
-68878 359954 
-261431 128528 
171449 -464380 
-834965 738599 
-372987 -792211 
-694593 -32113 
282251 -205532 
-379471 235818 
-606136 676872 
192289 -192485 
911608 -604700 
808793 -613297 
325235 232182 
288344 191427 
-679125 -60396 
921496 -419998 
-900815 -4495 
459391 981962 
-172962 -968283 
60162 -860867 
-599513 -15690 
295191 -717273 
787437 453569 
-871493 811146 
930467 362817 
-137525 621704 
983728 -487590 
-927083 513616 
337617 335388 
864297 242225 
-919380 -21003 
999715 207413 
-6099 -497521 
170615 -476571 
276823 570636 
686520 335736 
719470 133820 
-887265 -263207 
284109 -980682 
-329191 -721431 
907899 -941559 
-779936 -381263 
114768 907074 
-813658 858261 
786042 -988364 
568571 -30159 
-877176 -705042 
359626 234988 
-559472 952828 
176350 -83986 
449181 -617555 
750240 -720142 
576533 -213661 
-992534 479490 
781974 637485 
203917 -766088 
365990 -808159 
-734545 496695 
-52356 60212 
-15275 -730731 
605741 690045 
-413874 13765 
-657917 387976 
712018 889716 
-538723 -315021 
-558440 292838 
-278693 606 
177669 80448 
95958 767008 
-903150 751554 
-628602 -919649 
-537069 -513253 
-242864 190977 
-242059 -286590 
-725554 -388481 
806984 975389 
-635042 851463 
538222 -101347 
662600 322148 
347925 -428977 
178783 797899 
291628 -611695 
-751444 483342 
-466090 419954 
173417 619389 
70754 -842523 
-279618 463588 
-480882 -183648 
-567038 -211444 
254722 -879179 
-368635 345335 
40209 -206515 
-896522 152360 
720112 927056 
-965166 458158 
259943 857691 
-780755 -149834 
-265174 -778419 
-892844 -35226 
-38342 -417618 
-900039 -949312 
906868 -268874 
-970600 -874022 
316794 357529 
992424 -322521 
-615704 -134808 
276516 -590651 
935222 271487 
882370 -7305 
-777710 -964440 
653817 701375 
7951 -370482 
-684654 -982221 
-187954 -939572 
609469 -661841 
432689 205395 
68297 -133883 
-179140 -812730 
445899 231007 
530956 -219380 
886785 192968 
-789731 996648 
659157 456901 
-862473 415103 
638490 -900580 
-41346 -909298 
-572564 915442 
-163534 -511229 
-219930 -368726 
815483 -177390 
598734 927590 
9394 -107876 
927746 633169 
-327477 100802 
172596 823331 
-269900 -213907 
861932 491564 
-289929 -833594 
-208533 -819575 
-602684 697692 
110840 886030 
-500777 -559076 
-387527 837188 
619198 854038 
-188827 376907 
672866 856869 
-598820 -374749 
-398724 638960 
993660 442496 
-977749 973303 
310337 -163142 
75898 -388237 
895542 -631783 
-369885 -650419 
405184 -70736 
-853532 681158 
224705 617405 
732080 65998 
-763840 135422 
34396 101942 
-658653 14017 
-423303 -460993 
83698 716596 
-169576 -68074 
-127945 -374806 
627613 285812 
-353264 696883 
515779 698851 
-416277 -364838 
168640 337964 
169085 -183799 
893336 302454 
-649909 987612 
793893 965208 
250426 908320 
136970 46399 
-170025 391986 
103882 -53420 
173217 -736245 
-71291 -180467 
889819 -817125 
578388 966704 
-603043 661589 
-671341 770076 
667677 -356464 
902099 -417157 
848583 142443 
45792 -367361 
-242924 -828251 
-408209 -767700 
-732235 -665809 
-247852 355020 
812880 80531 
-517616 423102 
-931534 -294876 
21971 -737709 
-677396 -986389 
-243162 -831892 
383964 -715111 
-876421 -8245 
-571291 305238 
136049 569754 
-146078 867345 
-531997 734598 
382254 535191 
951102 -823009 
-311904 -175361 
702624 994767 
-951611 278289 
-803661 863063 
-495556 -805832 
377406 -931647 
-190109 831194 
-122532 606658 
99399 600276 
843845 504127 
867251 -108102 
-871330 -439951 
-262977 153763 
300212 -344896 
-667503 -724769 
800611 -133984 
131616 71077 
593157 -813468 
50433 -370157 
776821 32479 
-125966 881988 
-429248 -372846 
-422778 370767 
-520818 609691 
-924406 -485810 
993377 -313104 
-336261 466535 
-938525 218252 
153836 -484745 
896713 -941232 
708212 914219 
-720307 -191717 
-181629 -639837 
258627 747963 
-978393 146805 
-647362 -207126 
837003 -487370 
770563 857002 
-371858 176716 
73285 -300602 
-220003 403128 
-620384 -786971 
-614568 961627 
58039 -537231 
760917 723980 
-75479 -579206 
-722174 417358 
536227 372475 
188793 -954383 
-320102 48827 
640186 -388631 
276202 126988 
294341 992903 
-272271 -57593 
33233 554114 
986355 -331966 
645993 -796671 
351517 -56787 
-426522 -549376 
642178 -911728 
588095 112412 
-698863 212572 
699288 936034 
-83598 965259 
-885903 629393 
206695 -76943 
825693 -585966 
-334540 -616455 
-751213 363594 
916969 -506144 
-760376 353560 
283662 -498161 
-583912 187230 
779382 -921645 
-85098 -240565 
830545 971783 
749619 840765 
739347 205804 
950102 358609 
-863281 834772 
5428 -766863 
-667560 314810 
-990599 -996702 
422027 -993229 
797647 59409 
487838 -907895 
-996597 191538 
-825481 138574 
-980364 -970852 
888297 -397050 
788563 -625307 
463575 -694651 
993207 829191 
218852 250400 
469605 654717 
-165542 -261820 
-408275 127733 
813574 -267351 
624429 783735 
227077 485666 
589433 604160 
121290 522920 
711715 -200867 
22357 -240790 
-950249 -829065 
-91849 300435 
-588771 526236 
448722 -324275 
-88198 -348171 
287826 -505547 
-730822 -918632 
548897 -684900 
892969 136183 
831418 -356060 
-306647 183127 
-189135 -792081 
-511616 -723017 
252350 -758835 
254992 -354176 
-639513 -303111 
-378416 -41791 
-387926 126296 
648923 447204 
165252 -611691 
-698553 -584285 
-85323 -22454 
614407 345570 
-1730 925234 
405493 -881821 
-773842 32195 
-903229 -573121 
-451548 834727 
-741098 369677 
-836823 -486674 
473693 -637650 
-975735 816888 
-569320 -557163 
-241326 42039 
542899 496203 
-317001 155933 
764487 729958 
403034 -210717 
471403 872752 
337519 689862 
518189 -799187 
55782 -463738 
-45047 888676 
-28279 715967 
-749528 677629 
906931 782755 
-238007 -186878 
-864979 291220 
538291 -937441 
436302 923244 
960944 583502 
913136 -914956 
336862 -367404 
-962731 -621702 
-940902 262367 
-400594 -780094 
964706 -190720 
563843 505505 
29313 660530 
-476347 38975 
-951528 -323891 
371452 996029 
252606 -446161 
-636079 -575013 
-236218 -113538 
-232545 -388294 
-58884 334953 
-438926 965993 
-559418 -143508 
55520 -871064 
28013 818745 
653730 -760575 
-987799 66543 
388003 -836635 
673958 -779792 
38087 128141 
-330887 784324 
128827 -798607 
-180243 660767 
-490815 868360 
525168 503891 
890501 647911 
-558854 -662285 
982815 174088 
-104269 -442561 
-115830 -748441 
957993 980208 
358019 -778868 
-439765 864895 
283097 12069 
849528 21067 
65720 557838 
-418970 374580 
-435517 266442 
94960 -1270 
650393 -853040 
952347 94575 
-476307 702901 
-337884 -813198 
579443 706313 
998301 442721 
815583 -502313 
-368469 -865300 
897130 63947 
762396 -407623 
-912125 -89457 
493114 -227023 
416213 -700879 
330748 885312 
-557549 -730920 
-565739 -367844 
-358587 -779195 
74466 -443100 
822190 540500 
178740 82757 
894698 -803616 
-365898 344257 
-80700 -328897 
231048 -768991 
-427306 271645 
-470032 174121 
457946 705988 
-451904 842436 
825259 132317 
-144931 146933 
-503156 -536233 
-461664 806573 
76132 -456802 
535735 100926 
268185 -618515 
611171 -54583 
617422 -996705 
376509 -17005 
197093 550242 
-86415 -374523 
-608085 -85656 
386623 -35308 
571554 103528 
-6156 531556 
-144307 638368 
-941243 532698 
-952218 74738 
120425 -19695 
981450 -763936 
527823 -879590 
723921 935049 
-638686 -391849 
198479 -160064 
-199534 432054 
-462808 -406099 
695379 -760467 
838281 989424 
-755801 -753254 
56860 -346601 
676121 -440660 
-176291 -930424 
367556 -493010 
-21826 -836116 
-608280 636270 
-215941 675490 
963798 546138 
938650 -105946 
-630967 -661216 
939292 687541 
-499659 239519 
-408070 -425534 
55472 316543 
142528 -524909 
-147264 934647 
610742 741291 
872662 837846 
-318026 937561 
-420166 263284 
-985104 -640317 
189359 553027 
732632 -650613 
-848754 989239 
144080 -449591 
-278525 832342 
-819825 -801875 
886691 608848 
909647 434593 
203255 105911 
46541 208424 
988878 72508 
638972 -797799 
-601602 881666 
164719 426145 
223337 -373259 
641008 -572428 
-804877 426472 
-281769 307797 
-862279 -314805 
-927490 -328807 
-256725 -774490 
-855741 -432565 
-118885 -93978 
512781 304311 
558224 73176 
-136324 802561 
641176 239273 
-539109 -805476 
364626 265509 
415002 934016 
10692 -302046 
-486929 181869 
670089 177679 
257543 533028 
604238 -567965 
208602 -20134 
-394073 813745 
605818 -12014 
75987 -888392 
797261 -427837 
-658603 862959 
-256348 -440484 
780808 -955627 
771283 955536 
-314377 264927 
635421 -476838 
-220553 -830093 
621752 -210673 
-776905 551152 
-793705 200433 
680273 -645177 
502991 -223142 
-342452 402559 
-187744 580838 
148104 -809443 
-316870 367524 
975736 -806886 
674613 220765 
396194 834491 
-713058 -373183 
-93890 -15126 
-226966 -614303 
-588910 184430 
-288246 -548782 
619328 -960950 
-679907 804389 
-631403 10813 
-259426 -176526 
-873881 685319 
164506 853502 
801503 864423 
359587 -423100 
954074 -876294 
121357 -349911 
-952961 -411154 
-268343 -37723 
-10315 630652 
-637596 -72604 
-248512 -737560 
-166540 966803 
-943696 -696569 
769071 -228954 
-22647 -629779 
-698371 480114 
-727451 -269759 
156262 291844 
-970242 -849377 
527653 267291 
360178 -496368 
-461579 246218 
189185 -368994 
310202 -431286 
-627409 -855452 
418109 -839323 
-493756 -556555 
-20682 396482 
-332319 711085 
-795251 212379 
-542128 456469 
-117470 -325279 
-961553 -820972 
-73824 -761269 
-649527 -603906 
144034 782392 
-344751 -229135 
925429 -316417 
-16182 26570 
557251 -280305 
919990 280043 
679117 -82920 
358528 -224662 
99600 -29157 
-40011 -462974 
802266 -307500 
-156472 170824 
-953092 -621728 
620321 -272188 
-657377 -541090 
-97693 81457 
-945521 634019 
-44384 38012 
863181 -520509 
-192692 -574695 
-901655 -115611 
933537 -37273 
-451123 -18217 
-169890 661116 
-619050 -379935 
440566 599967 
-358562 -346710 
852639 307005 
-171520 -741961 
-136624 -231751 
958953 -884229 
763531 669059 
868020 816129 
685876 -479038 
805378 -13391 
931738 -277018 
159992 980937 
608181 -308280 
745958 -685313 
-60681 126796 
-941299 -411773 
-669415 -864334 
-860195 695628 
-575237 -14132 
491521 988746 
-145376 671341 
-767634 372113 
105325 196742 
640535 -533317 
535477 -240001 
307840 -132892 
480899 466117 
28888 -481267 
-654161 -485688 
-956412 -411046 
-454848 -627606 
-167478 -795380 
55588 274216 
741779 -920826 
-320565 265879 
623692 387501 
735210 682209 
-106421 -619780 
-647690 273030 
813479 146150 
336319 517662 
341535 173436 
934854 95918 
96804 989900 
-754607 -673999 
90743 -888031 
868082 -144028 
-677440 266490 
896506 -427160 
725070 258871 
841734 -981398 
-354893 -688256 
482816 694433 
-671788 -746526 
-854812 -820007 
142397 -727312 
66850 -447861 
794418 -221455 
5956 106487 
-280270 -505413 
-478627 -289338 
-907535 -936436 
-679121 21233 
860626 543513 
820061 757792 
203704 -342691 
386035 93229 
907066 -934199 
913248 952870 
882304 887580 
-439547 541645 
-579411 -163617 
95005 741530 
901865 -351911 
-563632 -966922 
940067 -292574 
712394 -791320 
282197 888487 
806174 -636279 
54593 -458531 
-523120 -77258 
-468017 43360 
759159 -813787 
686005 -316284 
220829 -527445 
-773506 -313097 
-220540 -615729 
-558231 -180898 
-349792 -954216 
498409 752471 
784868 -716622 
-258589 -101239 
471979 543389 
742363 895022 
636400 -27814 
536450 122198 
-215378 133955 
-620795 291013 
-948215 -654378 
-133840 545174 
746487 207258 
-616584 -926756 
15397 771926 
-235215 734037 
954781 -990575 
-596697 -681621 
-5212 405890 
-207087 -508149 
-457561 -220918 
-969160 -671570 
929755 390413 
-332012 -131134 
27118 -234556 
-180287 -82128 
-320741 -700033 
537346 -827819 
846616 -921149 
244491 -835719 
63747 -610112 
-145138 664856 
230295 566238 
756241 138373 
-369213 640731 
761365 261227 
443694 -828824 
